14: 523 225 379 543 367 542 515 176 240 495 530 294 406 182 228 507 309 448 189 466 277 506 285 336 333 497 371 481 479 78 95 522 386 150 338 29 484 254 451 248 421 71 517 300 46 170 409 35 73 512 74 444 267 26 61 109 24 146 84 141 359 358 173 274 494 398 193 384 251 287 93 439 374 327 486 65 33 209 392 229 175 159 112 123 132 219 468 385 235 91 166 110 329 478 373 184 43 222 47 50 238 147 435 102 298 172 382 178 151 148 180 214 264 128 81 395 186 196 263 363 70 63 16 136 80 161 57 396 253 42 134 236 368 113 233 262 185 119 100 301 11 459 465 31
15: 520 213 438 142 241 116 372 211 275 76 322 6
 7: 412 234 135 52 96 37 297 153
 8: 158 483 144 529 75 356 503 446 295 343 430 360 111 64 349 90 467 97 13 268 397 393 461 165 9 534 279 125 318 120
10: 272 518 547 500 513 261 491 67 460 541 414 308 538 447 537 514 18 544 474 539 194 347 532 201 107 79 516 282 473 470 403 536 535 383 357 378 442 183 239 284 304 380 388 496 164 510 310 86 437 528 509 348 257 17 449 511 387 350 499 250 508 197 140 190 399 411 471 402 353 23 208 87 283 526 105 487 328 335 334 519 145 244 381 445 139 463 464 477 326 426 450 311 152 258 45 187 427 505 355 212 408 122 323 137 220 101 313 103 296 391 416 337 299 237 488 293 493 246 369 417 422 255 400 210 375 259 127 252 115 249 232 199 38 98 453 331 195 364 104 351 419 143 302 319 179 502 321 269 276 433 440 346 230 415 205 68 278 316 181 171 340 54 342 207 72 163 441 216 457 377 108 94 206 204 89 167 325 15
13: 546 315 168 330 131 242 77 19
 9: 482 480 545 540 533 489 524 476 443 243 455 458 169 407 527 345 490 291 133 504 247 192 36 472 126 306 227 456 424 271 370 525 434 475 389 51 292 44 454 410 286 341 99 85 431 217 312 155 361 401 221 41 498 390 191 223 425 121 88 362 28 149 265 324 49 162 129 366 62 423 130 256 157 290 59 317 288 273 66 12 332 314 469 82 436 60 429 344 174 260 218 303 462 320 501 202 156 266 231 224 270 117 245 281 40 404 420 58
12: 203 188 280 118 154 39
11: 354 394 452 352 200 106 226 27
 6: 413 521 492 339 307 405 289 376 83 10 177 25 55 114 69 138 198 160 92 48 5
 3: 485 56 22 32 3
 5: 305 7
 2: 428 215 2
 4: 418 124 34 8 20 4
 1: 365 53 432 30 531 21 14 1
